kinematics:
  shoulder:
    x: 0
    y: 0
    z: 0.1626372821724515
    roll: -0
    pitch: 0
    yaw: 5.589323715316018e-08
  upper_arm:
    x: -1.4090247616459e-05
    y: 0
    z: 0
    roll: 1.570978665927708
    pitch: 0
    yaw: 2.069977203995584e-06
  forearm:
    x: -0.4251644455440322
    y: 0
    z: 0
    roll: 0.002489288963973478
    pitch: -0.000494838765316476
    yaw: 1.075054985661005e-06
  wrist_1:
    x: -0.3925050328412922
    y: -0.0004815793711111598
    z: 0.1335133275526836
    roll: 0.003606960379621429
    pitch: 0.0001980932904593314
    yaw: -1.575046402219343e-06
  wrist_2:
    x: -7.181455830797388e-05
    y: -0.0998549076941178
    z: 7.510507464788619e-05
    roll: 1.570044184890012
    pitch: 0
    yaw: 2.58333208816297e-06
  wrist_3:
    x: 7.979713612123667e-05
    y: 0.09964981996267884
    z: 2.907864675587697e-05
    roll: 1.571088135108664
    pitch: 3.141592653589793
    yaw: -3.141592570949099
  hash: calib_6924478696893136190